2 0.237059 0.246461 0.084471 0.081395
2 0.379266 0.348837 0.077076 0.110212
2 0.383675 0.234075 0.090444 0.087968
2 0.182025 0.173155 0.080774 0.085440
2 0.108362 0.090243 0.067691 0.116785
2 0.085466 0.146360 0.084471 0.149141
2 0.533276 0.515420 0.082480 0.140040
2 0.466866 0.440091 0.089022 0.131951
2 0.562998 0.404702 0.078783 0.071284
2 0.649602 0.558645 0.095563 0.078868
2 0.695392 0.608190 0.067691 0.097068
2 0.766923 0.626896 0.088453 0.119312
2 0.834329 0.604904 0.062856 0.080384
2 0.770478 0.539939 0.072241 0.059656