2 0.535833 0.362500 0.158333 0.285000
2 0.866667 0.432500 0.220000 0.230000
2 0.173333 0.743750 0.250000 0.192500
2 0.380000 0.560000 0.083333 0.180000
2 0.316667 0.422500 0.096667 0.095000
2 0.282500 0.567500 0.091667 0.155000
2 0.742500 0.090000 0.115000 0.165000
2 0.407500 0.298750 0.085000 0.172500
2 0.090833 0.411250 0.071667 0.187500
2 0.683333 0.747500 0.100000 0.225000
2 0.541667 0.781250 0.116667 0.222500
2 0.713333 0.515000 0.073333 0.185000
2 0.784167 0.710000 0.068333 0.145000
2 0.904167 0.177500 0.131667 0.120000
2 0.939167 0.767500 0.071667 0.200000