2 0.353906 0.492972 0.092188 0.105154
2 0.432227 0.450286 0.098047 0.190526
2 0.426758 0.243103 0.060547 0.119729
2 0.406055 0.123894 0.054297 0.083290
2 0.516211 0.259240 0.059766 0.069755
2 0.581055 0.283446 0.043359 0.072358
2 0.871484 0.441176 0.114062 0.217074
2 0.736523 0.519521 0.049609 0.085372
2 0.669922 0.447423 0.056250 0.072358
2 0.639648 0.301666 0.035547 0.064029
2 0.748437 0.228006 0.049219 0.105154
2 0.212500 0.181676 0.080469 0.083290
2 0.301758 0.176471 0.093359 0.097866
2 0.219922 0.378709 0.093750 0.096304
2 0.289648 0.342009 0.048828 0.118688
2 0.169727 0.591619 0.073047 0.059865
2 0.194922 0.660593 0.095312 0.068714
2 0.304883 0.588496 0.098828 0.091098
2 0.433008 0.676991 0.068359 0.075482
2 0.300391 0.751952 0.105469 0.084852
2 0.521484 0.782405 0.065625 0.070796
2 0.398242 0.769131 0.068359 0.057782
2 0.641016 0.889641 0.091406 0.080167
2 0.733594 0.864914 0.089063 0.102551
2 0.845703 0.784227 0.040625 0.076523
2 0.832031 0.941697 0.035156 0.088496
2 0.927148 0.683238 0.030859 0.084852
2 0.065820 0.225664 0.062891 0.062988
2 0.073242 0.318324 0.053516 0.066111